9988.61 64.9355 322.543 28.8254 
46.4935 11915.4 104.221 49.9414 
421.183 35.9495 21621.5 72.7593 
26.709 41.7412 48.7196 5104.47 

10193.7 99.5782 30.1008 43.8749 
57.4435 12364.4 38.6827 85.3211 
37.8215 28.567 9622.52 160.655 
95.0144 69.4057 129.701 16833.1 

12649.7 23.4792 77.6223 41.851 
23.373 11131 82.4492 39.2666 
48.7626 42.1876 9819.58 270.796 
40.1991 39.286 332.35 15231.1 

8284.49 24.8215 19.3896 38.6941 
23.3464 14782.9 21.4284 90.6491 
13.2264 16.4396 6203.43 77.3301 
29.9415 67.8144 90.7536 19763.3 

18466.3 32.6639 31.6975 63.2182 
28.5969 6377.64 15.3468 27.8912 
54.9671 12.2615 6027.7 220.963 
50.1514 21.4376 132.26 18291.9 

19966.7 19.3933 57.7029 54.6671 
13.3277 6129.83 25.9487 19.4202 
34.5789 7.41792 14944.6 97.4619 
21.3615 17.3592 65.7809 8418.45 

15364.3 21.3948 87.6211 59.121 
16.2879 10118.9 44.0535 43.8387 
35.1766 23.8101 11638.1 109.053 
37.2271 24.8643 144.258 12125 

16861.1 18.313 43.8651 62.6515 
20.4722 10070 22.4577 51.8635 
19.4408 16.0738 12810.8 71.8631 
31.9729 16.5791 93.8747 9679.62 

5807.65 17.3842 18.3649 16.3355 
38.7644 21958.1 84.6138 88.23 
15.3136 23.6943 12019.6 88.7154 
13.2703 25.8071 101.398 9573.72 

12378.8 39.5114 34.6182 38.7292 
50.4679 12296.2 28.9353 65.9231 
17.394 12.4782 7433.88 92.7015 
48.3794 49.8449 124.563 17178.6 

10190 18.3608 26.3616 26.4779 
20.4589 8500.48 21.4167 18.6207 
20.3087 14.2824 19750.8 62.5172 
13.2227 25.8801 81.4268 10806.4 

11747.2 19.3416 30.7715 32.6383 
25.4213 12424.7 49.4353 37.7174 
14.3047 11.3711 9610.95 84.418 
32.122 32.5647 139.846 15598.2 

9576.07 17.3079 22.7803 30.5863 
27.5121 12170 44.836 43.8418 
25.921 15.7184 15052.6 130.347 
34.4984 27.9632 128.802 12544.2 

8545.11 10.2051 27.8552 21.3578 
28.4178 16243 56.1298 43.8671 
14.2158 16.2862 10019.7 105.039 
17.2589 28.4878 129.323 11613.7 

13489 4.08756 48.8904 51.449 
13.2781 12326.4 51.9448 70.8652 
20.3263 17.6387 13208.3 119.494 
27.4336 22.8359 105.915 10317.2 

13347.5 6.11523 50.8987 34.4026 
10.1889 12058.1 42.0101 42.8161 
19.9033 17.5093 12397 107.524 
14.36 17.2957 121.063 11608.3 

12900.1 9.5442 52.9666 23.448 
13.2341 12104.8 41.778 32.6033 
22.3847 16.2637 11501.2 84.8665 
19.28 24.3877 126.082 12922.1 

13197.3 8.14871 22.3776 36.6495 
7.17207 11652.9 16.6953 28.0054 
15.21 5.25502 11793.4 41.7376 
19.3539 25.6906 78.4983 12946.6 

13200.8 16.1471 48.854 50.9059 
18.3254 11815.1 49.3012 51.9239 
20.3558 20.3054 11807.8 96.0769 
30.5258 34.4889 128.028 12506.1 

12825.5 8.12726 59.9631 30.8637 
19.0948 12102.5 44.6339 31.5806 
19.788 20.8345 12030.4 118.145 
14.5746 20.509 139.996 12408.4 

12647.2 9.1535 35.8283 55.0013 
12.2717 12067 45.1066 51.5436 
15.5614 9.33366 12247 82.1466 
31.9482 32.5058 114.083 12439.3 

12712.8 11.191 40.7625 37.3118 
16.7351 12090.3 29.7752 30.5267 
17.2853 4.07841 12242.3 41.0605 
13.2223 24.3821 89.1849 12494.1 

12516.5 10.183 53.8937 32.5827 
19.3345 12399.7 50.8445 26.9279 
24.419 25.6169 12167.2 188.288 
20.7235 30.5295 144.109 12120.2 

12654.1 15.2505 80.4108 39.7216 
27.031 12153.2 57.5067 33.12 
38.585 18.2973 12089.8 150.434 
15.2688 18.2973 172.305 12266.7 

12518.2 16.1865 46.9071 43.6835 
15.2981 11980 60.0469 47.7429 
38.6918 16.2622 12265.4 95.096 
37.8369 37.5842 124.69 12551.5 

12586.3 15.3689 55.714 36.5491 
20.276 12097 41.8223 56.7919 
31.1002 15.2525 12235 117.183 
19.3319 26.4258 128.486 12412.5 

12868.7 19.3298 61.1005 31.4961 
26.4499 11989.4 58.0459 25.3979 
17.3003 21.3267 12052.6 149.293 
31.5267 36.9728 126.212 12314.8 

12483.8 16.2945 61.3192 37.5969 
25.9577 12206.8 64.5006 51.7934 
29.4882 20.3635 12027.6 171.671 
44.7305 31.547 176.6 12419.9 

12628.8 14.233 69.1139 39.2393 
14.2584 12024.8 45.7503 41.649 
31.5515 29.4657 12022.9 238.101 
24.4242 32.5124 211.239 12362 

11951 10.9996 71.2565 54.8795 
26.4338 11279.3 51.9367 45.0359 
35.966 24.2151 11293 211.245 
36.5883 32.5266 164.804 11566.8 

12553.7 25.3692 65.1665 40.7088 
30.2971 12006.3 60.8626 61.0713 
33.818 22.3395 12071.8 160.825 
42.2201 43.0348 206.205 12471.4 

12617.5 19.2924 49.8466 20.2994 
25.4895 12234.4 55.5613 25.4267 
25.4664 19.2777 12217.3 67.0967 
27.503 27.0717 120.279 12343.2 

12464.4 17.2505 58.5553 46.8682 
17.5671 12110.6 51.8016 44.8185 
26.4109 28.5356 12180.4 156.523 
40.6238 34.5981 177.29 12438.8 

12565.1 14.2385 59.0402 24.8945 
24.3723 12109.1 48.8499 43.2117 
29.4452 21.6447 12096.6 156.567 
40.0775 54.0636 178.53 12365.3 

12519.9 10.2384 58.9636 46.801 
13.2214 12170 41.3819 55.9544 
20.4418 22.3641 12237.7 124.103 
25.4118 27.4304 152.971 12368.1 

12570.8 9.16118 73.5314 39.9464 
14.1917 12016.7 51.1149 57.1669 
23.3459 23.7872 12118 145.266 
40.619 30.3726 194.4 12486.6 

12674.2 28.3161 66.9324 48.7773 
37.7721 11841.6 46.2806 46.7634 
32.9612 15.2516 12161.6 90.4141 
37.0223 24.8421 182.185 12560 

12540.2 11.2052 28.493 37.6063 
15.1869 12316.9 25.449 38.6223 
13.1872 23.3816 12199.2 45.7379 
29.3913 29.5068 120.873 12420 

12864.9 11.4746 50.8519 34.5815 
17.2899 12125.7 36.6162 42.3075 
17.2782 10.3432 12124.1 74.3416 
35.5783 32.5257 128.465 12288.8 

12613.1 27.4368 76.4849 58.4847 
29.452 11946.3 74.3669 83.3231 
44.6779 40.6395 11985.5 163.97 
51.799 60.6333 164.632 12474.2 

12475.6 14.4394 72.1993 49.8999 
24.0566 12188.5 64.0662 54.9798 
38.6149 30.4431 11984.2 204.673 
44.7126 46.6578 215.554 12379.4 

12627.3 16.237 61.9734 34.6881 
28.582 12012 54.8804 36.7372 
30.4646 20.2926 12256.2 145.838 
24.6326 34.4901 146.929 12363.7 

12594.9 28.4202 38.1403 52.8982 
35.9841 12205.9 59.8962 51.3785 
26.473 18.2794 12092.5 115.939 
37.6836 26.392 160.508 12349.8 

12543.4 20.3147 75.3814 34.9712 
39.6133 12267 55.0063 30.4958 
34.4639 18.2846 12194.9 97.556 
34.5365 25.3895 174.726 12249 

12646.1 17.2855 64.0463 34.5693 
22.2693 12092.3 55.8973 45.8392 
33.5055 27.9083 12192.8 116.44 
38.0773 32.5227 174.228 12301.2 

12340.1 35.3442 86.2284 58.9308 
51.5897 12009.5 89.4695 65.0247 
53.8792 51.8054 12132.4 189.561 
61.4256 60.3257 181.923 12427.5 

12595.8 31.4655 59.8953 25.8181 
38.6969 12129.8 67.7115 37.6739 
43.6569 29.7566 12027.3 106.534 
46.8249 37.9739 166.09 12450 

12654.3 31.978 44.2693 47.0034 
32.4829 11955.2 33.9093 56.5498 
27.4054 23.9767 12179.8 108.52 
57.8488 50.8673 179.025 12411.9 

12578.7 19.2975 75.8515 39.7253 
28.4416 12134.8 68.2229 46.2193 
34.8829 27.4162 12069.8 178.199 
30.976 36.5355 201.12 12324.9 

12355.5 45.4418 55.4281 31.6793 
32.1342 12227.4 63.9872 32.5818 
39.6815 28.4268 12051.1 145.532 
40.6902 48.7192 200.466 12496.2 

12702.3 24.4133 55.9989 20.3978 
22.7981 11976.9 59.0505 35.6469 
36.4501 23.3801 12002.2 151.718 
37.4622 39.2794 212.712 12494.2 

12552.1 31.0004 33.2373 40.6557 
26.4079 12093 29.512 55.0321 
18.2868 13.2258 12175 51.8454 
45.2257 44.7593 126.232 12559.5 

12514.3 46.7483 53.4507 45.8215 
24.3902 11924.2 42.6017 60.0499 
42.6687 27.4534 12121.7 136.4 
43.6867 42.6084 185.259 12583.7 

12602.7 21.3204 82.9142 35.6225 
39.6482 12137.9 46.7433 41.5922 
29.4877 29.4711 12156.1 70.7863 
43.1191 38.2689 190.243 12329 

12462.2 33.1256 79.0873 47.9304 
38.6024 12197.4 69.9608 55.2897 
49.5885 33.531 11971.9 126.077 
36.5737 57.9189 216.056 12419.7 

12397.8 26.9393 46.3322 28.2618 
25.3787 12366.4 41.6549 41.7661 
25.3786 29.4653 12191.6 80.0895 
27.4077 47.1972 156.454 12362.9 

12669.7 31.4556 19.3358 32.5761 
21.3562 12112.4 33.7682 46.8168 
17.5939 21.3397 12137.7 56.0976 
30.3268 38.8159 116.158 12509.5 

12482.5 26.2607 45.7011 28.5113 
31.4598 12157.8 33.0104 36.6193 
31.4725 25.7096 12236.9 57.7052 
31.5706 45.2711 117.427 12507.2 

12613.1 21.6541 67.1748 57.9935 
35.7038 12072.2 54.9776 62.0245 
32.4666 23.3657 12206.2 129.178 
46.6944 50.7787 152.647 12268.8 

12514.9 24.6227 43.2246 44.2763 
32.7724 12108.3 36.0217 55.2693 
26.4212 23.3897 12018 63.1872 
46.9449 40.6821 108.776 12708.3 

12537.6 21.3373 33.5875 31.2055 
23.2376 12197.2 37.6618 43.5846 
28.455 24.8114 12149.8 61.9093 
28.6806 41.6831 102.904 12531.3 

12671.2 32.5137 25.4009 23.407 
23.407 12016.3 33.5135 32.5882 
23.3984 19.4354 12299 56.97 
20.9791 47.7778 70.0788 12499 

12727.7 31.5446 43.22 19.3537 
24.4134 12046.7 25.3859 29.5382 
14.2449 18.0966 12051 65.1639 
24.5995 43.6524 90.4158 12639.9 

12532.2 39.6508 49.268 39.1329 
40.8599 12178.4 35.2586 50.2909 
23.3734 25.3697 12055.7 46.9379 
26.5712 66.5321 98.78 12586.6 

12610.5 28.4421 52.3463 39.7541 
27.7345 12228.8 35.604 55.9626 
28.692 27.7193 12155.6 86.3654 
38.1077 57.9935 128.487 12292.9 

12654.3 36.8647 55.2202 31.5991 
45.248 12074.6 56.2418 45.4748 
32.5409 24.1188 12178.7 78.7795 
30.9363 52.4631 102.813 12395.1 

12614.3 24.4205 45.8019 47.5594 
35.4006 12066.4 45.2553 59.7142 
22.6968 32.1582 12209.2 113.889 
38.6017 59.0174 121.758 12358.8 

12558.1 41.9551 65.7313 48.0703 
28.3816 12069.9 60.2382 45.1394 
41.8497 38.4549 12080.8 114.145 
44.6284 60.7212 163.279 12433.6 

12650 42.6315 59.3579 41.1652 
44.5507 12025.9 66.2474 56.2448 
40.699 32.8611 12073.5 137.55 
41.757 59.6306 154.85 12368 

12412 36.6294 62.5895 43.1386 
47.2709 12085.8 56.3567 43.2694 
38.0887 54.1602 12090.9 163.644 
34.6785 57.4223 172.115 12496.9 

12785.4 47.0544 45.8 49.2981 
37.9269 11968.1 55.594 61.8497 
36.5125 37.8642 12061.1 96.6807 
56.1508 69.0211 139.519 12347.2 

12721.4 65.111 55.0768 51.2374 
43.4749 12085.8 52.3897 47.8706 
35.062 42.4154 11965.6 114.019 
44.0638 54.6616 148.886 12367.9 

12358 52.0324 72.393 70.7275 
83.2462 12061 66.8467 100.565 
52.9858 64.2545 11933.4 126.292 
93.7272 96.7092 176.361 12486.4 

12401.5 59.0381 59.2116 72.4175 
65.2154 12290.3 61.3083 92.2885 
32.9198 40.7522 12099 117.213 
48.3894 78.9421 174.47 12202.1 

12659.8 72.8424 98.7961 80.7949 
71.0075 12036.2 88.1609 109.649 
75.9977 50.9037 11738.7 153.791 
67.2167 93.0997 205.307 12292.8 

12397.4 62.5957 44.9649 58.1454 
54.2524 12087.4 60.3172 76.3741 
41.5147 56.2861 12094.6 105.047 
63.8697 78.7026 155.121 12457.4 

12324.1 67.6673 96.3457 71.4891 
76.8891 12078.8 101.157 82.9915 
68.4136 67.1088 12048.2 184.722 
70.592 103.466 204.264 12246.8 

12427 52.5554 72.2394 61.4558 
69.1281 12194.6 50.1919 73.7828 
64.7487 55.0219 12053.8 108.116 
71.1578 99.8706 182.738 12256.6 

12497.2 63.6538 64.3396 73.7201 
64.126 11892.2 65.1667 84.0663 
44.4155 60.7408 12109 100.765 
68.2461 104.426 168.532 12432.4 

12360.9 66.2145 83.7082 66.1085 
67.3065 12003.4 78.6237 80.2428 
46.3297 69.8587 12018.7 161.802 
65.4175 88.568 184.968 12452.8 

12577.7 43.5485 64.0567 67.9371 
73.7213 11799.9 80.8948 74.0417 
44.5173 58.366 12216.3 127.203 
70.0707 99.1503 155.781 12341.8 

12524.3 69.7867 87.1063 78.0667 
65.0471 11987.8 73.3429 92.893 
63.2011 64.2509 12119.5 133.976 
67.4235 129.165 164.053 12174.1 

12207.3 100.649 103.96 103.887 
98.5695 11980.3 88.4774 106.805 
66.463 88.7837 12096.2 156.069 
99.6435 153.307 204.368 12239.2 

11836.9 95.8312 124.972 88.3153 
97.074 11242.9 126.961 123.308 
90.7784 75.9448 11212.1 142.744 
110.212 112.294 227.967 11548.6 

12501.3 71.2736 64.9096 84.0419 
98.3804 12064.9 73.5982 88.0346 
60.9016 56.0292 11988.9 116.323 
85.4427 107.815 165.64 12265.6 

12354.7 77.6288 59.2427 72.4346 
80.2389 12062.4 91.4144 97.9757 
55.2258 78.0835 11918 134.629 
76.8014 122.885 163.373 12449 

12424 85.8058 70.6024 93.0408 
87.3242 12101.7 70.6187 88.3685 
52.5185 80.0663 12048 122.166 
66.1148 108.425 160.767 12233.4 

12067 96.9785 94.1376 107.571 
107.951 11976.4 118.536 137.96 
101.799 74.3911 12055.7 160.063 
119.23 135.265 254.645 12285.4 

12150.1 108.414 84.1036 78.9491 
84.4077 12083.8 78.4153 104.124 
70.4023 80.5724 12046.2 165.271 
88.0582 136.201 205.291 12328.7 

12264 104.957 81.8209 104.774 
73.2721 11915.1 87.0821 105.916 
71.403 81.7033 12003.1 162.591 
91.3162 111.278 212.999 12421.7 

12406 98.5068 68.081 98.3166 
84.9663 12014 79.8021 101.68 
78.3322 86.6624 11940.7 140.925 
88.743 115.851 192.368 12300.1 

12278.2 100.943 75.3238 92.4059 
85.2589 12026 79.247 118.522 
53.9011 69.2222 12033.5 164.526 
92.6221 113.818 191.973 12319.5 

12461.5 99.5684 92.1103 97.1963 
73.6845 11953.5 103.92 131.021 
67.9058 81.7036 11749.6 212.437 
92.9453 136.237 187.379 12354.3 

12450.3 88.972 68.6057 90.8747 
102.572 12008.3 86.0451 116.84 
75.5745 80.1555 11924.9 166.734 
88.5515 143.565 194.436 12208.6 

12241.5 128.769 85.2304 117.599 
125.109 11897.5 73.5433 120.058 
79.4277 82.3491 12058.1 147.611 
119.951 130.421 211.148 12276.7 

12539.8 106.057 92.5323 107.266 
110.226 11912 95.7689 128.735 
66.9725 96.6776 11825.6 139.36 
103.996 149.302 212.063 12207.6 

12177.7 111.86 81.8233 107.033 
100.546 12073.8 72.1425 140.386 
80.6175 105.247 11990.4 170.665 
97.1785 149.06 189.618 12244.9 

12193.2 122.187 92.9821 134.507 
119.145 11991.3 119.704 158.608 
100.157 109.659 11942.1 200.872 
132.475 162.836 235.232 12076 

12426.3 119.655 92.3975 99.6812 
105.879 11644.1 98.9128 170.972 
82.7201 109.992 12038.3 190.484 
109.108 161.262 245.374 12195.9 

12046.1 142.062 95.067 116.138 
148.413 11958.7 114.171 144.477 
99.6043 99.6435 11996.7 161.992 
116.922 169.603 204.035 12279.4 

12144.3 191.716 135.506 183.858 
188.002 11725 197.842 142.953 
142.797 220.323 11852.6 209.251 
233.925 276.984 449.05 11596.9 

