3010.11 0.00415327 6.0229 1.00801 
6.03728 1981.13 0.00307884 3.01618 
4.83244 1.00812 1950.96 1.00797 
4.02324 10.8606 3.01243 3016.97 

3095.96 6.02636 10.0158 3.0246 
3.01426 1865.93 0.0046295 3.20369 
3.01427 3.01496 1940.95 0.00414673 
2.01074 6.02635 6.0326 3051.77 

3054.97 4.64895 7.99853 1.68526 
1.0059 2007.32 0.00372532 4.02322 
5.01769 3.01528 1876.98 2.01392 
1.00591 3.01454 4.01874 3023.28 

2978.95 2.0134 6.02123 5.72407 
5.01608 2022.95 0.00301841 2.01413 
7.02144 2.01335 1978.95 0.00472476 
3.01072 5.02676 8.02679 2973.26 

2954.95 2.00581 7.04786 1.00481 
3.01492 2069.97 0.0059787 3.00959 
6.02612 3.0077 2004.9 0.00239545 
1.00756 8.01738 6.04146 2929.98 

3067.96 2.00629 12.0783 7.016 
3.01305 1910.98 0.00605972 3.03464 
6.02286 2.00627 1975.87 1.004 
1.00653 3.00839 7.04879 2997.95 

3015.99 3.01829 9.02968 2.01276 
5.00442 1970.94 0.00313606 3.01701 
5.00604 0.00455852 1903.94 1.0085 
3.00402 7.04124 8.02836 3062.96 

3042.97 1.00394 6.03637 2.00913 
5.01181 2025.98 0.00518009 2.00913 
6.01378 0.00197039 1925.91 0.00304158 
2.00591 6.01383 8.04676 2966.98 

2993.91 1.00522 3.7562 2.00787 
2.07148 1921.98 0.00350336 2.00785 
3.01235 2.00781 1995.21 0.00261591 
0.0064631 2.00782 6.02567 3064.98 

3010.93 3.00827 9.0347 4.01477 
7.02384 1934.98 0.00356985 4.01477 
6.02087 0.00206027 1953.94 0.00295176 
6.02086 6.01406 6.02511 3048.97 

3077.97 3.01269 9.02542 5.02592 
4.00812 1893.97 0.00253295 2.00876 
9.01622 1.00633 1967.96 0.00431021 
0.00162231 3.01266 5.0153 3018.96 

2970.95 3.01452 6.0177 2.00877 
4.01334 1929.95 0.00252504 2.00877 
8.02419 3.01446 1972.97 2.00876 
3.01075 5.02175 4.01264 3083.97 

3007.95 7.00422 5.02367 2.01093 
3.01194 1895.99 1.00787 2.01094 
10.0329 0.000524656 2026.94 0.00364484 
1.00597 5.00276 7.03152 3025.97 

3019.93 5.01564 9.02955 4.00833 
6.03013 1920.97 3.01181 2.00508 
6.03013 2.00779 2018.94 0.0016676 
1.00861 2.00782 4.01479 2995.98 

3029.86 7.04518 8.04499 4.01688 
3.11123 1941.93 0.00199036 1.44357 
7.01878 2.01693 1992.93 1.00487 
1.00499 5.00769 9.01993 2986.53 

2937.97 1.00708 8.02236 3.0105 
3.01226 1976.97 0.00248191 0.0026251 
3.01226 1.00707 2002.96 3.0105 
1.00613 4.01769 5.0149 3049.98 

3038.95 3.01273 10.0225 4.01312 
6.02532 1886.97 0.00200052 3.01051 
2.01085 0.00317464 1979.95 1.00525 
3.01446 3.0127 10.0227 3048.97 

3015.97 6.02873 4.00256 2.01185 
3.01061 1942.96 1.00101 2.01187 
4.01327 0.00409996 1966 0.00394924 
0.00265398 7.00669 1.00102 3044.97 

3033.66 4.00758 7.02413 6.02371 
4.01722 1982.98 0.0030131 2.01016 
6.30127 1.00301 1981.95 2.01016 
4.01713 8.01362 5.01812 2951.96 

3077.97 7.01218 6.02703 2.00914 
5.01557 1966.98 0.00459422 2.00913 
8.01176 0.0015167 1953.94 1.00609 
1.0052 4.0076 5.02757 2959.98 

3031.95 1.00881 5.02039 3.53901 
5.01971 1913.96 1.00679 3.01443 
7.02633 3.00831 1949.31 2.01051 
1.00658 9.02079 2.66708 3061.44 

2994.95 5.01359 5.02061 4.01709 
1.00533 1997.97 0.0034286 0.00341851 
10.0293 3.00799 2026.92 0.00341843 
3.01065 5.01201 14.0526 2929.98 

3066.97 7.04389 5.01269 7.0186 
4.0114 2000.9 1.00423 3.00932 
3.00912 1.01095 1887.98 0.00232884 
2.00684 8.04933 0.00211962 3002.97 

3031.93 4.02078 8.01336 2.53752 
11.0355 1916.91 3.00593 8.02962 
7.0236 3.01659 2004.97 0.00330641 
3.01182 11.0499 9.01485 2976.43 

3104.95 4.01054 9.02974 6.02624 
10.0283 1900.97 0.00297036 2.01124 
4.01286 0.00209937 2007.95 1.00749 
3.01295 7.0169 6.02081 2933.96 

2946.95 5.01462 11.0357 3.01355 
6.01896 2044.96 0.0029753 5.02033 
7.02167 3.00974 2000.93 2.01016 
2.00812 5.01463 9.02796 2948.96 

3022.95 5.018 1.00613 5.01666 
11.0277 1996.96 1.00613 4.01678 
7.01844 0.00299487 1955.97 0.00335482 
1.00461 5.01799 4.01535 2979.96 

3069.5 10.0294 7.03241 7.01832 
7.02444 1849.93 1.0081 6.01603 
8.4766 6.0187 1966.94 0.00229048 
1.0009 8.02406 5.02433 3046.96 

3018.96 5.01566 2.01515 2.00686 
4.01156 1909.96 2.01515 3.00752 
8.02076 1.00521 1977.93 3.00325 
2.00694 6.01826 6.03538 3048.98 

3024.98 4.01028 4.02261 8.60722 
2.00495 1936.96 0.00451909 7.02962 
6.01148 2.00616 1984.93 1.99016 
3.0066 11.0247 8.0407 2995.37 

3050.67 6.02542 5.01209 3.01469 
5.30677 1926.95 1.00402 6.02571 
9.02382 2.01088 1982.97 0.00367237 
0.999426 2.01088 5.0121 2993.96 

3090.96 8.01854 0.00527428 3.00544 
4.01781 1932.96 0.00521712 7.01087 
4.01781 3.00822 1998.49 3.00544 
1.00712 5.01235 4.49912 2934.98 

3043.31 10.0576 7.03557 7.01613 
6.45648 1899.88 0.0044455 5.30582 
5.22424 2.01568 2015.92 0.0529051 
5.01343 8.04709 7.03557 2977.63 

3121.98 10.91 5.01883 8.02379 
9.02552 1889.51 0.00313693 2.11384 
6.987 2.01182 1898.94 1.00528 
1.0051 7.56351 12.0404 3023.86 

2981.69 10.0505 5.7941 5.00791 
5.01884 1948.9 2.01076 9.01318 
3.27736 4.02294 1978.15 2.00395 
3.01368 4.02295 11.0435 3026.97 

3008.95 6.03132 8.00897 6.02137 
7.02253 1969.6 0.000990761 4.81144 
4.01658 7.03461 2005.98 3.00904 
3.01327 11.33 11.0111 2944.16 

3014.31 16.0855 7.03066 10.036 
3.87051 1911.97 2.01159 10.142 
11.808 3.86463 1933.41 5.01965 
7.00958 13.0777 16.5458 3033.8 

3040.94 14.0748 3.00369 2.00609 
6.02297 1982.84 2.00458 8.01828 
5.01969 1.00997 1950.97 5.01218 
3.01312 15.0789 14.023 2946.96 

2974.95 16.0999 3.00339 5.01623 
8.02113 2021.82 0.00152158 6.01883 
4.01171 2.01763 1988.09 3.01082 
6.01507 10.0647 2.90283 2948.95 

2997.9 17.8851 1.00518 7.0093 
9.04132 1947.08 0.00258483 8.01987 
8.04187 3.00931 1925.96 6.90234 
2.01397 13.0296 10.0285 3043.07 

2954.3 22.6931 3.0137 10.0321 
12.0228 1979.26 2.01019 2.91141 
10.6704 2.00778 1896.34 3.01167 
2.00909 14.0398 8.63345 3077.04 

2992.25 19.1343 7.83273 4.02146 
7.72889 1906.73 4.24537 7.16089 
5.01209 5.04029 2034.91 2.36377 
3.00883 14.1003 4.01248 2982.45 

3005.37 26.153 4.01018 10.0255 
13.1602 1931.08 0.00203359 7.01853 
6.45964 6.03988 1959.98 1.00225 
3.01043 10.7301 4.01019 3011.95 

2985.45 12.6052 3.02456 8.8449 
7.0254 1950.33 2.19807 12.985 
10.5071 11.0242 1931.91 7.01669 
5.02029 19.0393 14.8717 3018.15 

3017.76 20.0947 6.01411 10.0252 
10.2136 1936.95 2.00606 7.01877 
9.29605 5.88898 1957.94 5.01408 
13.7302 14.0639 17.0364 2966.94 

3008.79 18.1063 10.0381 8.02067 
13.2323 1927.85 3.01414 9.32925 
7.9679 7.04501 1958.91 8.01907 
6.0122 27.0005 11.0424 2975.63 

2937.88 18.0568 12.8768 13.041 
13.0448 1927.93 1.00605 13.0414 
13.0472 13.3581 1975.08 1.90045 
8.03036 17.6518 12.0402 3022.02 

2981.18 16.6315 10.0332 10.0247 
15.7759 1941.54 3.01207 10.5231 
8.02416 10.059 1959.9 8.96588 
7.01601 14.771 18.0573 2984.49 

3006.95 16.0324 3.01235 5.01715 
11.055 1899.07 4.01473 10.03 
10.165 10.0231 1978.96 10.2171 
6.83281 12.8763 7.01587 3008.74 

2915.85 16.0171 3.01666 10.0396 
13.6648 2020.87 1.00832 15.0577 
8.71958 10.0382 1913.92 9.03603 
4.76155 20.0723 12.0541 3025.87 

3091.6 15.0996 6.06582 11.6952 
11.0429 1894.72 5.01292 8.03922 
6.30867 6.04355 1967.36 7.03499 
12.0462 21.1369 11.5624 2925.23 

2999.45 11.08 7.03007 11.0206 
17.0371 1919.73 1.00771 5.01029 
14.2334 5.04002 2063.92 6.012 
6.28214 22.1528 10.0394 2900.96 

3005.81 15.0747 8.03136 12.0534 
20.0784 1989.15 2.00978 8.03679 
13.0692 9.0454 1962.2 9.03993 
9.04709 19.7309 9.75777 2907.87 

2978.84 26.8027 5.0292 8.0409 
14.0656 1938.41 7.03736 9.50936 
8.042 8.0384 2038.87 5.72011 
11.056 20.753 13.0682 2906.73 

3012.82 22.139 6.05396 8.0208 
8.04454 1967.92 4.03665 11.0247 
13.0693 9.06073 1866.68 7.01845 
12.0643 16.876 11.2255 3023.94 

3009.79 21.1148 11.9049 12.0777 
10.0654 2005.97 3.01216 9.65695 
13.0774 12.0706 1966.04 5.00685 
11.0713 15.8455 12.0408 2881.26 

3025.5 32.2031 10.0779 8.04237 
18.0785 1926.06 4.03541 6.10555 
14.0604 9.06692 1961.8 8.04054 
9.36274 19.6696 11.0865 2936.81 

2988.76 19.7446 14.0892 11.0756 
13.0476 1904.09 4.02978 8.23041 
10.1533 8.07201 2011.94 9.62604 
10.041 11.0927 19.9375 2956.07 

3003.77 26.8926 9.06913 8.75821 
15.1006 1956.88 4.03566 8.03845 
11.0694 12.0932 1969.05 9.72853 
9.06285 18.1355 12.8466 2925.47 

2988.33 18.7465 7.76472 12.0505 
14.1255 1964.4 3.01451 10.0476 
11.073 8.93549 1925.18 7.03468 
12.4669 21.9175 11.0449 2983.87 

2990 38.3083 8.15096 16.5279 
24.8368 1936.42 3.02861 13.3176 
17.0893 6.06613 1942.71 7.04278 
14.0752 20.2017 15.1139 2947.11 

2930.97 23.8511 7.02522 4.02203 
4.04113 1983.92 3.02564 9.04384 
18.9248 9.08073 2017.87 7.03523 
7.06582 17.1465 12.0836 2944.9 

3044.43 23.159 10.0869 8.87854 
13.1176 1938.83 4.55462 7.38043 
9.54544 14.0959 1936.29 3.01053 
8.91084 15.915 14.0694 2947.73 

2964.3 23.3713 8.05242 9.19077 
17.8229 1948.57 6.91989 8.9639 
18.7954 13.2143 1989.93 12.0706 
12.0769 19.8416 16.1 2930.77 

2966.34 28.902 9.05811 14.072 
19.4845 1917.71 3.03488 12.059 
10.1048 10.097 1945.75 9.0384 
17.0674 32.2904 23.1556 2981.83 

2982.57 27.3178 7.06895 8.04479 
22.19 2014.45 7.06961 10.306 
15.8425 8.10162 1919.29 11.7379 
9.39609 25.1333 16.5671 2914.91 

2985.45 21.2262 22.2212 12.0849 
21.7087 1898.86 7.07912 15.1063 
17.7273 9.11535 1897.57 9.07411 
16.1123 13.8019 22.1283 3030.73 

2942.81 33.7374 11.1146 8.07213 
19.1435 1942.98 5.05794 17.1441 
11.0858 15.1486 1957.72 12.1042 
17.9573 13.1302 10.1064 2982.68 

3003.59 30.2993 12.7089 21.226 
15.1431 1927.35 7.06252 8.39121 
14.1341 13.1348 1963.08 14.9376 
14.1341 21.2118 18.1463 2915.45 

2903.1 31.0219 16.9469 19.8145 
17.1018 1942.61 4.0402 8.07993 
13.1326 4.06146 2012.25 16.1512 
10.6656 24.3063 22.7677 2953.95 

2999.56 24.3777 11.1135 18.7615 
15.1527 1953.9 2.79969 9.04891 
16.2016 14.3242 1929.56 5.03799 
6.08402 21.396 13.5274 2959.15 

2956.78 31.9858 17.1302 21.2377 
26.4543 1980.79 5.04377 12.2864 
23.2488 11.4782 1921.86 13.8172 
13.5213 23.7508 17.964 2922.66 

2875.66 30.7291 6.46928 24.1747 
20.218 1933.97 9.09998 12.0902 
13.9213 18.9768 1962.49 13.733 
14.1967 23.3279 22.9422 3018 

2899.85 38.4119 12.163 17.1138 
17.7658 1966.23 6.34446 17.6378 
16.1851 18.3755 1963.2 18.4706 
22.1974 35.9874 29.2966 2920.78 

2934.37 26.3146 22.9431 20.1339 
21.0991 1936.53 9.1171 16.1667 
22.2795 15.8981 1943.61 8.25406 
20.2552 18.2541 30.3254 2954.45 

2914.82 41.289 50.5957 51.2921 
35.4238 1829.87 13.1774 50.0518 
22.2703 17.2269 1869.38 34.9123 
40.4821 45.6166 69.8515 2913.74 

